 -7.7032000e+001  1.2307000e+001  1.3160000e+001
 -7.7032000e+001  1.1923000e+001  1.3160000e+001
 -7.7032000e+001  1.1538000e+001  1.3160000e+001
 -7.7032000e+001  1.1154000e+001  1.3160000e+001
 -7.7032000e+001  1.0769000e+001  1.3160000e+001
 -7.7032000e+001  1.0384000e+001  1.3160000e+001
 -7.7032000e+001  1.0000000e+001  1.3160000e+001
 -7.7032000e+001  9.6150000e+000  1.3160000e+001
 -7.7032000e+001  9.2310000e+000  1.3160000e+001
 -7.7032000e+001  8.8460000e+000  1.3160000e+001
 -7.7032000e+001  8.4610000e+000  1.3160000e+001
 -7.7032000e+001  8.0770000e+000  1.3160000e+001
 -7.7032000e+001  7.6920000e+000  1.3160000e+001
 -7.7032000e+001  7.3080000e+000  1.3160000e+001
 -7.7032000e+001  6.9230000e+000  1.3160000e+001
 -7.7032000e+001  6.5380000e+000  1.3160000e+001
 -7.7032000e+001  6.1540000e+000  1.3160000e+001
 -7.7032000e+001  5.7690000e+000  1.3160000e+001
 -7.7032000e+001  5.3850000e+000  1.3160000e+001
 -7.7032000e+001  5.0000000e+000  1.3160000e+001
 -7.7032000e+001  4.6150000e+000  1.3160000e+001
 -7.7032000e+001  4.2310000e+000  1.3160000e+001
 -7.7032000e+001  3.8460000e+000  1.3160000e+001
 -7.7032000e+001  3.4610000e+000  1.3160000e+001
 -7.7032000e+001  3.0770000e+000  1.3160000e+001
 -7.7032000e+001  2.6920000e+000  1.3160000e+001
 -7.7032000e+001  2.3080000e+000  1.3160000e+001
 -7.7032000e+001  1.9230000e+000  1.3160000e+001
 -7.7032000e+001  1.5380000e+000  1.3160000e+001
 -7.7032000e+001  1.1540000e+000  1.3160000e+001
 -7.7032000e+001  7.6900000e-001  1.3160000e+001
 -7.7032000e+001  3.8500000e-001  1.3160000e+001
 -7.7032000e+001  0.0000000e+000  1.3160000e+001
 -7.5301000e+001  1.2307000e+001  1.3160000e+001
 -7.5301000e+001  1.1923000e+001  1.3160000e+001
 -7.5301000e+001  1.1538000e+001  1.3160000e+001
 -7.5301000e+001  1.1153000e+001  1.3160000e+001
 -7.5301000e+001  1.0769000e+001  1.3160000e+001
 -7.5301000e+001  1.0384000e+001  1.3160000e+001
 -7.5301000e+001  1.0000000e+001  1.3160000e+001
 -7.5301000e+001  9.6150000e+000  1.3160000e+001
 -7.5301000e+001  9.2300000e+000  1.3160000e+001
 -7.5301000e+001  8.8460000e+000  1.3160000e+001
 -7.5301000e+001  8.4610000e+000  1.3160000e+001
 -7.5301000e+001  8.0770000e+000  1.3160000e+001
 -7.5301000e+001  7.6920000e+000  1.3160000e+001
 -7.5301000e+001  7.3070000e+000  1.3160000e+001
 -7.5301000e+001  6.9230000e+000  1.3160000e+001
 -7.5301000e+001  6.5380000e+000  1.3160000e+001
 -7.5301000e+001  6.1540000e+000  1.3160000e+001
 -7.5301000e+001  5.7690000e+000  1.3160000e+001
 -7.5301000e+001  5.3840000e+000  1.3160000e+001
 -7.5301000e+001  5.0000000e+000  1.3160000e+001
 -7.5301000e+001  4.6150000e+000  1.3160000e+001
 -7.5301000e+001  4.2310000e+000  1.3160000e+001
 -7.5301000e+001  3.8460000e+000  1.3160000e+001
 -7.5301000e+001  3.4610000e+000  1.3160000e+001
 -7.5301000e+001  3.0770000e+000  1.3160000e+001
 -7.5301000e+001  2.6920000e+000  1.3160000e+001
 -7.5301000e+001  2.3080000e+000  1.3160000e+001
 -7.5301000e+001  1.9230000e+000  1.3160000e+001
 -7.5301000e+001  1.5380000e+000  1.3160000e+001
 -7.5301000e+001  1.1540000e+000  1.3160000e+001
 -7.5301000e+001  7.6900000e-001  1.3160000e+001
 -7.5301000e+001  3.8500000e-001  1.3160000e+001
 -7.5301000e+001  0.0000000e+000  1.3160000e+001
 -7.3570000e+001  1.2307000e+001  1.3160000e+001
 -7.3570000e+001  1.1922000e+001  1.3160000e+001
 -7.3570000e+001  1.1538000e+001  1.3160000e+001
 -7.3570000e+001  1.1153000e+001  1.3160000e+001
 -7.3570000e+001  1.0769000e+001  1.3160000e+001
 -7.3570000e+001  1.0384000e+001  1.3160000e+001
 -7.3570000e+001  9.9990000e+000  1.3160000e+001
 -7.3570000e+001  9.6150000e+000  1.3160000e+001
 -7.3570000e+001  9.2300000e+000  1.3160000e+001
 -7.3570000e+001  8.8460000e+000  1.3160000e+001
 -7.3570000e+001  8.4610000e+000  1.3160000e+001
 -7.3570000e+001  8.0760000e+000  1.3160000e+001
 -7.3570000e+001  7.6920000e+000  1.3160000e+001
 -7.3570000e+001  7.3070000e+000  1.3160000e+001
 -7.3570000e+001  6.9230000e+000  1.3160000e+001
 -7.3570000e+001  6.5380000e+000  1.3160000e+001
 -7.3570000e+001  6.1530000e+000  1.3160000e+001
 -7.3570000e+001  5.7690000e+000  1.3160000e+001
 -7.3570000e+001  5.3840000e+000  1.3160000e+001
 -7.3570000e+001  5.0000000e+000  1.3160000e+001
 -7.3570000e+001  4.6150000e+000  1.3160000e+001
 -7.3570000e+001  4.2300000e+000  1.3160000e+001
 -7.3570000e+001  3.8460000e+000  1.3160000e+001
 -7.3570000e+001  3.4610000e+000  1.3160000e+001
 -7.3570000e+001  3.0770000e+000  1.3160000e+001
 -7.3570000e+001  2.6920000e+000  1.3160000e+001
 -7.3570000e+001  2.3080000e+000  1.3160000e+001
 -7.3570000e+001  1.9230000e+000  1.3160000e+001
 -7.3570000e+001  1.5380000e+000  1.3160000e+001
 -7.3570000e+001  1.1540000e+000  1.3160000e+001
 -7.3570000e+001  7.6900000e-001  1.3160000e+001
 -7.3570000e+001  3.8500000e-001  1.3160000e+001
 -7.3570000e+001  0.0000000e+000  1.3160000e+001
 -7.1840000e+001  1.2306000e+001  1.3160000e+001
 -7.1840000e+001  1.1922000e+001  1.3160000e+001
 -7.1840000e+001  1.1537000e+001  1.3160000e+001
 -7.1840000e+001  1.1152000e+001  1.3160000e+001
 -7.1840000e+001  1.0768000e+001  1.3160000e+001
 -7.1840000e+001  1.0383000e+001  1.3160000e+001
 -7.1840000e+001  9.9990000e+000  1.3160000e+001
 -7.1840000e+001  9.6140000e+000  1.3160000e+001
 -7.1840000e+001  9.2300000e+000  1.3160000e+001
 -7.1840000e+001  8.8450000e+000  1.3160000e+001
 -7.1840000e+001  8.4600000e+000  1.3160000e+001
 -7.1840000e+001  8.0760000e+000  1.3160000e+001
 -7.1840000e+001  7.6910000e+000  1.3160000e+001
 -7.1840000e+001  7.3070000e+000  1.3160000e+001
 -7.1840000e+001  6.9220000e+000  1.3160000e+001
 -7.1840000e+001  6.5380000e+000  1.3160000e+001
 -7.1840000e+001  6.1530000e+000  1.3160000e+001
 -7.1840000e+001  5.7680000e+000  1.3160000e+001
 -7.1840000e+001  5.3840000e+000  1.3160000e+001
 -7.1840000e+001  4.9990000e+000  1.3160000e+001
 -7.1840000e+001  4.6150000e+000  1.3160000e+001
 -7.1840000e+001  4.2300000e+000  1.3160000e+001
 -7.1840000e+001  3.8460000e+000  1.3160000e+001
 -7.1840000e+001  3.4610000e+000  1.3160000e+001
 -7.1840000e+001  3.0770000e+000  1.3160000e+001
 -7.1840000e+001  2.6920000e+000  1.3160000e+001
 -7.1840000e+001  2.3070000e+000  1.3160000e+001
 -7.1840000e+001  1.9230000e+000  1.3160000e+001
 -7.1840000e+001  1.5380000e+000  1.3160000e+001
 -7.1840000e+001  1.1540000e+000  1.3160000e+001
 -7.1840000e+001  7.6900000e-001  1.3160000e+001
 -7.1840000e+001  3.8500000e-001  1.3160000e+001
 -7.1840000e+001  0.0000000e+000  1.3160000e+001
 -7.0109000e+001  1.2305000e+001  1.3160000e+001
 -7.0109000e+001  1.1921000e+001  1.3160000e+001
 -7.0109000e+001  1.1536000e+001  1.3160000e+001
 -7.0109000e+001  1.1152000e+001  1.3160000e+001
 -7.0109000e+001  1.0767000e+001  1.3160000e+001
 -7.0109000e+001  1.0383000e+001  1.3160000e+001
 -7.0109000e+001  9.9980000e+000  1.3160000e+001
 -7.0109000e+001  9.6130000e+000  1.3160000e+001
 -7.0109000e+001  9.2290000e+000  1.3160000e+001
 -7.0109000e+001  8.8440000e+000  1.3160000e+001
 -7.0109000e+001  8.4600000e+000  1.3160000e+001
 -7.0109000e+001  8.0750000e+000  1.3160000e+001
 -7.0109000e+001  7.6910000e+000  1.3160000e+001
 -7.0109000e+001  7.3060000e+000  1.3160000e+001
 -7.0109000e+001  6.9220000e+000  1.3160000e+001
 -7.0109000e+001  6.5370000e+000  1.3160000e+001
 -7.0109000e+001  6.1530000e+000  1.3160000e+001
 -7.0109000e+001  5.7680000e+000  1.3160000e+001
 -7.0109000e+001  5.3840000e+000  1.3160000e+001
 -7.0109000e+001  4.9990000e+000  1.3160000e+001
 -7.0109000e+001  4.6140000e+000  1.3160000e+001
 -7.0109000e+001  4.2300000e+000  1.3160000e+001
 -7.0109000e+001  3.8450000e+000  1.3160000e+001
 -7.0109000e+001  3.4610000e+000  1.3160000e+001
 -7.0109000e+001  3.0760000e+000  1.3160000e+001
 -7.0109000e+001  2.6920000e+000  1.3160000e+001
 -7.0109000e+001  2.3070000e+000  1.3160000e+001
 -7.0109000e+001  1.9230000e+000  1.3160000e+001
 -7.0109000e+001  1.5380000e+000  1.3160000e+001
 -7.0109000e+001  0.0000000e+000  1.3160000e+001
 -6.8378000e+001  1.2303000e+001  1.3160000e+001
 -6.8378000e+001  1.1919000e+001  1.3160000e+001
 -6.8378000e+001  1.1534000e+001  1.3160000e+001
 -6.8378000e+001  1.1150000e+001  1.3160000e+001
 -6.8378000e+001  1.0765000e+001  1.3160000e+001
 -6.8378000e+001  1.0381000e+001  1.3160000e+001
 -6.8378000e+001  9.9970000e+000  1.3160000e+001
 -6.8378000e+001  9.6120000e+000  1.3160000e+001
 -6.8378000e+001  9.2280000e+000  1.3160000e+001
 -6.8378000e+001  8.8430000e+000  1.3160000e+001
 -6.8378000e+001  8.4590000e+000  1.3160000e+001
 -6.8378000e+001  8.0740000e+000  1.3160000e+001
 -6.8378000e+001  7.6900000e+000  1.3160000e+001
 -6.8378000e+001  7.3050000e+000  1.3160000e+001
 -6.8378000e+001  6.9210000e+000  1.3160000e+001
 -6.8378000e+001  6.5360000e+000  1.3160000e+001
 -6.8378000e+001  6.1520000e+000  1.3160000e+001
 -6.8378000e+001  5.7670000e+000  1.3160000e+001
 -6.8378000e+001  5.3830000e+000  1.3160000e+001
 -6.8378000e+001  4.9980000e+000  1.3160000e+001
 -6.8378000e+001  4.6140000e+000  1.3160000e+001
 -6.8378000e+001  4.2290000e+000  1.3160000e+001
 -6.8378000e+001  3.8450000e+000  1.3160000e+001
 -6.8378000e+001  3.4600000e+000  1.3160000e+001
 -6.8378000e+001  3.0760000e+000  1.3160000e+001
 -6.8378000e+001  2.6910000e+000  1.3160000e+001
 -6.8378000e+001  2.3070000e+000  1.3160000e+001
 -6.8378000e+001  1.9220000e+000  1.3160000e+001
 -6.8378000e+001  1.5380000e+000  1.3160000e+001
 -6.8378000e+001  7.0500000e-001  1.3160000e+001
 -6.8378000e+001  0.0000000e+000  1.3160000e+001
 -6.6647000e+001  1.2301000e+001  1.3160000e+001
 -6.6647000e+001  1.1917000e+001  1.3160000e+001
 -6.6647000e+001  1.1532000e+001  1.3160000e+001
 -6.6647000e+001  1.1148000e+001  1.3160000e+001
 -6.6647000e+001  1.0764000e+001  1.3160000e+001
 -6.6647000e+001  1.0379000e+001  1.3160000e+001
 -6.6647000e+001  9.9950000e+000  1.3160000e+001
 -6.6647000e+001  9.6100000e+000  1.3160000e+001
 -6.6647000e+001  9.2260000e+000  1.3160000e+001
 -6.6647000e+001  8.8420000e+000  1.3160000e+001
 -6.6647000e+001  8.4570000e+000  1.3160000e+001
 -6.6647000e+001  8.0730000e+000  1.3160000e+001
 -6.6647000e+001  7.6880000e+000  1.3160000e+001
 -6.6647000e+001  7.3040000e+000  1.3160000e+001
 -6.6647000e+001  6.9190000e+000  1.3160000e+001
 -6.6647000e+001  6.5350000e+000  1.3160000e+001
 -6.6647000e+001  6.1510000e+000  1.3160000e+001
 -6.6647000e+001  5.7660000e+000  1.3160000e+001
 -6.6647000e+001  5.3820000e+000  1.3160000e+001
 -6.6647000e+001  4.9970000e+000  1.3160000e+001
 -6.6647000e+001  4.6130000e+000  1.3160000e+001
 -6.6647000e+001  4.2290000e+000  1.3160000e+001
 -6.6647000e+001  3.8440000e+000  1.3160000e+001
 -6.6647000e+001  3.4600000e+000  1.3160000e+001
 -6.6647000e+001  3.0750000e+000  1.3160000e+001
 -6.6647000e+001  2.6910000e+000  1.3160000e+001
 -6.6647000e+001  2.3060000e+000  1.3160000e+001
 -6.6647000e+001  1.9220000e+000  1.3160000e+001
 -6.6647000e+001  1.5380000e+000  1.3160000e+001
 -6.6647000e+001  6.5100000e-001  1.3160000e+001
 -6.6647000e+001  0.0000000e+000  1.3160000e+001
 -6.4917000e+001  1.2297000e+001  1.3160000e+001
 -6.4917000e+001  1.1913000e+001  1.3160000e+001
 -6.4917000e+001  1.1529000e+001  1.3160000e+001
 -6.4917000e+001  1.1145000e+001  1.3160000e+001
 -6.4917000e+001  1.0760000e+001  1.3160000e+001
 -6.4917000e+001  1.0376000e+001  1.3160000e+001
 -6.4917000e+001  9.9920000e+000  1.3160000e+001
 -6.4917000e+001  9.6070000e+000  1.3160000e+001
 -6.4917000e+001  9.2230000e+000  1.3160000e+001
 -6.4917000e+001  8.8390000e+000  1.3160000e+001
 -6.4917000e+001  8.4540000e+000  1.3160000e+001
 -6.4917000e+001  8.0700000e+000  1.3160000e+001
 -6.4917000e+001  7.6860000e+000  1.3160000e+001
 -6.4917000e+001  7.3020000e+000  1.3160000e+001
 -6.4917000e+001  6.9170000e+000  1.3160000e+001
 -6.4917000e+001  6.5330000e+000  1.3160000e+001
 -6.4917000e+001  6.1490000e+000  1.3160000e+001
 -6.4917000e+001  5.7640000e+000  1.3160000e+001
 -6.4917000e+001  5.3800000e+000  1.3160000e+001
 -6.4917000e+001  4.9960000e+000  1.3160000e+001
 -6.4917000e+001  4.6120000e+000  1.3160000e+001
 -6.4917000e+001  4.2270000e+000  1.3160000e+001
 -6.4917000e+001  3.8430000e+000  1.3160000e+001
 -6.4917000e+001  3.4590000e+000  1.3160000e+001
 -6.4917000e+001  3.0740000e+000  1.3160000e+001
 -6.4917000e+001  2.6900000e+000  1.3160000e+001
 -6.4917000e+001  2.3060000e+000  1.3160000e+001
 -6.4917000e+001  1.9210000e+000  1.3160000e+001
 -6.4917000e+001  1.5370000e+000  1.3160000e+001
 -6.4917000e+001  6.6900000e-001  1.3160000e+001
 -6.4917000e+001  0.0000000e+000  1.3160000e+001
 -6.3186000e+001  1.2292000e+001  1.3160000e+001
 -6.3186000e+001  1.1908000e+001  1.3160000e+001
 -6.3186000e+001  1.1524000e+001  1.3160000e+001
 -6.3186000e+001  1.1140000e+001  1.3160000e+001
 -6.3186000e+001  1.0756000e+001  1.3160000e+001
 -6.3186000e+001  1.0372000e+001  1.3160000e+001
 -6.3186000e+001  9.9870000e+000  1.3160000e+001
 -6.3186000e+001  9.6030000e+000  1.3160000e+001
 -6.3186000e+001  9.2190000e+000  1.3160000e+001
 -6.3186000e+001  8.8350000e+000  1.3160000e+001
 -6.3186000e+001  8.4510000e+000  1.3160000e+001
 -6.3186000e+001  8.0670000e+000  1.3160000e+001
 -6.3186000e+001  7.6830000e+000  1.3160000e+001
 -6.3186000e+001  7.2980000e+000  1.3160000e+001
 -6.3186000e+001  6.9140000e+000  1.3160000e+001
 -6.3186000e+001  6.5300000e+000  1.3160000e+001
 -6.3186000e+001  6.1460000e+000  1.3160000e+001
 -6.3186000e+001  5.7620000e+000  1.3160000e+001
 -6.3186000e+001  5.3780000e+000  1.3160000e+001
 -6.3186000e+001  4.9940000e+000  1.3160000e+001
 -6.3186000e+001  4.6100000e+000  1.3160000e+001
 -6.3186000e+001  4.2250000e+000  1.3160000e+001
 -6.3186000e+001  3.8410000e+000  1.3160000e+001
 -6.3186000e+001  3.4570000e+000  1.3160000e+001
 -6.3186000e+001  3.0730000e+000  1.3160000e+001
 -6.3186000e+001  2.6890000e+000  1.3160000e+001
 -6.3186000e+001  2.3050000e+000  1.3160000e+001
 -6.3186000e+001  1.9210000e+000  1.3160000e+001
 -6.3186000e+001  1.5370000e+000  1.3160000e+001
 -6.3186000e+001  8.1400000e-001  1.3160000e+001
 -6.3186000e+001  0.0000000e+000  1.3160000e+001
 -6.1455000e+001  1.2285000e+001  1.3160000e+001
 -6.1455000e+001  1.1902000e+001  1.3160000e+001
 -6.1455000e+001  1.1518000e+001  1.3160000e+001
 -6.1455000e+001  1.1134000e+001  1.3160000e+001
 -6.1455000e+001  1.0750000e+001  1.3160000e+001
 -6.1455000e+001  1.0366000e+001  1.3160000e+001
 -6.1455000e+001  9.9820000e+000  1.3160000e+001
 -6.1455000e+001  9.5980000e+000  1.3160000e+001
 -6.1455000e+001  9.2140000e+000  1.3160000e+001
 -6.1455000e+001  8.8300000e+000  1.3160000e+001
 -6.1455000e+001  8.4460000e+000  1.3160000e+001
 -6.1455000e+001  8.0620000e+000  1.3160000e+001
 -6.1455000e+001  7.6780000e+000  1.3160000e+001
 -6.1455000e+001  7.2940000e+000  1.3160000e+001
 -6.1455000e+001  6.9110000e+000  1.3160000e+001
 -6.1455000e+001  6.5270000e+000  1.3160000e+001
 -6.1455000e+001  6.1430000e+000  1.3160000e+001
 -6.1455000e+001  5.7590000e+000  1.3160000e+001
 -6.1455000e+001  5.3750000e+000  1.3160000e+001
 -6.1455000e+001  4.9910000e+000  1.3160000e+001
 -6.1455000e+001  4.6070000e+000  1.3160000e+001
 -6.1455000e+001  4.2230000e+000  1.3160000e+001
 -6.1455000e+001  3.8390000e+000  1.3160000e+001
 -6.1455000e+001  3.4550000e+000  1.3160000e+001
 -6.1455000e+001  3.0710000e+000  1.3160000e+001
 -6.1455000e+001  2.6870000e+000  1.3160000e+001
 -6.1455000e+001  2.3040000e+000  1.3160000e+001
 -6.1455000e+001  1.9200000e+000  1.3160000e+001
 -6.1455000e+001  1.5360000e+000  1.3160000e+001
 -6.1455000e+001  8.6800000e-001  1.3160000e+001
 -6.1455000e+001  0.0000000e+000  1.3160000e+001
 -5.9724000e+001  1.2275000e+001  1.3160000e+001
 -5.9724000e+001  1.1891000e+001  1.3160000e+001
 -5.9724000e+001  1.1508000e+001  1.3160000e+001
 -5.9724000e+001  1.1124000e+001  1.3160000e+001
 -5.9724000e+001  1.0740000e+001  1.3160000e+001
 -5.9724000e+001  1.0357000e+001  1.3160000e+001
 -5.9724000e+001  9.9730000e+000  1.3160000e+001
 -5.9724000e+001  9.5900000e+000  1.3160000e+001
 -5.9724000e+001  9.2060000e+000  1.3160000e+001
 -5.9724000e+001  8.8220000e+000  1.3160000e+001
 -5.9724000e+001  8.4390000e+000  1.3160000e+001
 -5.9724000e+001  8.0550000e+000  1.3160000e+001
 -5.9724000e+001  7.6720000e+000  1.3160000e+001
 -5.9724000e+001  7.2880000e+000  1.3160000e+001
 -5.9724000e+001  6.9050000e+000  1.3160000e+001
 -5.9724000e+001  6.5210000e+000  1.3160000e+001
 -5.9724000e+001  6.1370000e+000  1.3160000e+001
 -5.9724000e+001  5.7540000e+000  1.3160000e+001
 -5.9724000e+001  5.3700000e+000  1.3160000e+001
 -5.9724000e+001  4.9870000e+000  1.3160000e+001
 -5.9724000e+001  4.6030000e+000  1.3160000e+001
 -5.9724000e+001  4.2190000e+000  1.3160000e+001
 -5.9724000e+001  3.8360000e+000  1.3160000e+001
 -5.9724000e+001  3.4520000e+000  1.3160000e+001
 -5.9724000e+001  3.0690000e+000  1.3160000e+001
 -5.9724000e+001  2.6850000e+000  1.3160000e+001
 -5.9724000e+001  2.3020000e+000  1.3160000e+001
 -5.9724000e+001  1.9180000e+000  1.3160000e+001
 -5.9724000e+001  1.5340000e+000  1.3160000e+001
 -5.9724000e+001  8.5000000e-001  1.3160000e+001
 -5.9724000e+001  0.0000000e+000  1.3160000e+001
 -5.7994000e+001  1.2261000e+001  1.3160000e+001
 -5.7994000e+001  1.1878000e+001  1.3160000e+001
 -5.7994000e+001  1.1494000e+001  1.3160000e+001
 -5.7994000e+001  1.1111000e+001  1.3160000e+001
 -5.7994000e+001  1.0728000e+001  1.3160000e+001
 -5.7994000e+001  1.0345000e+001  1.3160000e+001
 -5.7994000e+001  9.9620000e+000  1.3160000e+001
 -5.7994000e+001  9.5790000e+000  1.3160000e+001
 -5.7994000e+001  9.1960000e+000  1.3160000e+001
 -5.7994000e+001  8.8120000e+000  1.3160000e+001
 -5.7994000e+001  8.4290000e+000  1.3160000e+001
 -5.7994000e+001  8.0460000e+000  1.3160000e+001
 -5.7994000e+001  7.6630000e+000  1.3160000e+001
 -5.7994000e+001  7.2800000e+000  1.3160000e+001
 -5.7994000e+001  6.8970000e+000  1.3160000e+001
 -5.7994000e+001  6.5140000e+000  1.3160000e+001
 -5.7994000e+001  6.1300000e+000  1.3160000e+001
 -5.7994000e+001  5.7470000e+000  1.3160000e+001
 -5.7994000e+001  5.3640000e+000  1.3160000e+001
 -5.7994000e+001  4.9810000e+000  1.3160000e+001
 -5.7994000e+001  4.5980000e+000  1.3160000e+001
 -5.7994000e+001  4.2150000e+000  1.3160000e+001
 -5.7994000e+001  3.8310000e+000  1.3160000e+001
 -5.7994000e+001  3.4480000e+000  1.3160000e+001
 -5.7994000e+001  3.0650000e+000  1.3160000e+001
 -5.7994000e+001  2.6820000e+000  1.3160000e+001
 -5.7994000e+001  2.2990000e+000  1.3160000e+001
 -5.7994000e+001  1.9160000e+000  1.3160000e+001
 -5.7994000e+001  1.5330000e+000  1.3160000e+001
 -5.7994000e+001  1.1400000e+000  1.3160000e+001
 -5.7994000e+001  5.7900000e-001  1.3160000e+001
 -5.7994000e+001  0.0000000e+000  1.3160000e+001
 -5.6263000e+001  1.2243000e+001  1.3160000e+001
 -5.6263000e+001  1.1860000e+001  1.3160000e+001
 -5.6263000e+001  1.1477000e+001  1.3160000e+001
 -5.6263000e+001  1.1095000e+001  1.3160000e+001
 -5.6263000e+001  1.0712000e+001  1.3160000e+001
 -5.6263000e+001  1.0330000e+001  1.3160000e+001
 -5.6263000e+001  9.9470000e+000  1.3160000e+001
 -5.6263000e+001  9.5650000e+000  1.3160000e+001
 -5.6263000e+001  9.1820000e+000  1.3160000e+001
 -5.6263000e+001  8.7990000e+000  1.3160000e+001
 -5.6263000e+001  8.4170000e+000  1.3160000e+001
 -5.6263000e+001  8.0340000e+000  1.3160000e+001
 -5.6263000e+001  7.6520000e+000  1.3160000e+001
 -5.6263000e+001  7.2690000e+000  1.3160000e+001
 -5.6263000e+001  6.8860000e+000  1.3160000e+001
 -5.6263000e+001  6.5040000e+000  1.3160000e+001
 -5.6263000e+001  6.1210000e+000  1.3160000e+001
 -5.6263000e+001  5.7390000e+000  1.3160000e+001
 -5.6263000e+001  5.3560000e+000  1.3160000e+001
 -5.6263000e+001  4.9740000e+000  1.3160000e+001
 -5.6263000e+001  4.5910000e+000  1.3160000e+001
 -5.6263000e+001  4.2080000e+000  1.3160000e+001
 -5.6263000e+001  3.8260000e+000  1.3160000e+001
 -5.6263000e+001  3.4430000e+000  1.3160000e+001
 -5.6263000e+001  3.0610000e+000  1.3160000e+001
 -5.6263000e+001  2.6780000e+000  1.3160000e+001
 -5.6263000e+001  2.2950000e+000  1.3160000e+001
 -5.6263000e+001  1.9130000e+000  1.3160000e+001
 -5.6263000e+001  1.5300000e+000  1.3160000e+001
 -5.6263000e+001  1.1480000e+000  1.3160000e+001
 -5.6263000e+001  5.7600000e-001  1.3160000e+001
 -5.6263000e+001  0.0000000e+000  1.3160000e+001
 -5.4532000e+001  1.2219000e+001  1.3160000e+001
 -5.4532000e+001  1.1837000e+001  1.3160000e+001
 -5.4532000e+001  1.1455000e+001  1.3160000e+001
 -5.4532000e+001  1.1073000e+001  1.3160000e+001
 -5.4532000e+001  1.0692000e+001  1.3160000e+001
 -5.4532000e+001  1.0310000e+001  1.3160000e+001
 -5.4532000e+001  9.9280000e+000  1.3160000e+001
 -5.4532000e+001  9.5460000e+000  1.3160000e+001
 -5.4532000e+001  9.1640000e+000  1.3160000e+001
 -5.4532000e+001  8.7820000e+000  1.3160000e+001
 -5.4532000e+001  8.4000000e+000  1.3160000e+001
 -5.4532000e+001  8.0190000e+000  1.3160000e+001
 -5.4532000e+001  7.6370000e+000  1.3160000e+001
 -5.4532000e+001  7.2550000e+000  1.3160000e+001
 -5.4532000e+001  6.8730000e+000  1.3160000e+001
 -5.4532000e+001  6.4910000e+000  1.3160000e+001
 -5.4532000e+001  6.1090000e+000  1.3160000e+001
 -5.4532000e+001  5.7280000e+000  1.3160000e+001
 -5.4532000e+001  5.3460000e+000  1.3160000e+001
 -5.4532000e+001  4.9640000e+000  1.3160000e+001
 -5.4532000e+001  4.5820000e+000  1.3160000e+001
 -5.4532000e+001  4.2000000e+000  1.3160000e+001
 -5.4532000e+001  3.8180000e+000  1.3160000e+001
 -5.4532000e+001  3.4370000e+000  1.3160000e+001
 -5.4532000e+001  3.0550000e+000  1.3160000e+001
 -5.4532000e+001  2.6730000e+000  1.3160000e+001
 -5.4532000e+001  2.2910000e+000  1.3160000e+001
 -5.4532000e+001  1.9090000e+000  1.3160000e+001
 -5.4532000e+001  1.5270000e+000  1.3160000e+001
 -5.4532000e+001  1.1460000e+000  1.3160000e+001
 -5.4532000e+001  5.7600000e-001  1.3160000e+001
 -5.4532000e+001  0.0000000e+000  1.3160000e+001
 -5.2801000e+001  1.2187000e+001  1.3160000e+001
 -5.2801000e+001  1.1806000e+001  1.3160000e+001
 -5.2801000e+001  1.1425000e+001  1.3160000e+001
 -5.2801000e+001  1.1044000e+001  1.3160000e+001
 -5.2801000e+001  1.0663000e+001  1.3160000e+001
 -5.2801000e+001  1.0282000e+001  1.3160000e+001
 -5.2801000e+001  9.9020000e+000  1.3160000e+001
 -5.2801000e+001  9.5210000e+000  1.3160000e+001
 -5.2801000e+001  9.1400000e+000  1.3160000e+001
 -5.2801000e+001  8.7590000e+000  1.3160000e+001
 -5.2801000e+001  8.3780000e+000  1.3160000e+001
 -5.2801000e+001  7.9970000e+000  1.3160000e+001
 -5.2801000e+001  7.6170000e+000  1.3160000e+001
 -5.2801000e+001  7.2360000e+000  1.3160000e+001
 -5.2801000e+001  6.8550000e+000  1.3160000e+001
 -5.2801000e+001  6.4740000e+000  1.3160000e+001
 -5.2801000e+001  6.0930000e+000  1.3160000e+001
 -5.2801000e+001  5.7120000e+000  1.3160000e+001
 -5.2801000e+001  5.3320000e+000  1.3160000e+001
 -5.2801000e+001  4.9510000e+000  1.3160000e+001
 -5.2801000e+001  4.5700000e+000  1.3160000e+001
 -5.2801000e+001  4.1890000e+000  1.3160000e+001
 -5.2801000e+001  3.8080000e+000  1.3160000e+001
 -5.2801000e+001  3.4270000e+000  1.3160000e+001
 -5.2801000e+001  3.0470000e+000  1.3160000e+001
 -5.2801000e+001  2.6660000e+000  1.3160000e+001
 -5.2801000e+001  2.2850000e+000  1.3160000e+001
 -5.2801000e+001  1.9040000e+000  1.3160000e+001
 -5.2801000e+001  1.5230000e+000  1.3160000e+001
 -5.2801000e+001  1.1420000e+000  1.3160000e+001
 -5.2801000e+001  6.1700000e-001  1.3160000e+001
 -5.2801000e+001  0.0000000e+000  1.3160000e+001
 -5.1070000e+001  1.2146000e+001  1.3160000e+001
 -5.1070000e+001  1.1766000e+001  1.3160000e+001
 -5.1070000e+001  1.1387000e+001  1.3160000e+001
 -5.1070000e+001  1.1007000e+001  1.3160000e+001
 -5.1070000e+001  1.0628000e+001  1.3160000e+001
 -5.1070000e+001  1.0248000e+001  1.3160000e+001
 -5.1070000e+001  9.8680000e+000  1.3160000e+001
 -5.1070000e+001  9.4890000e+000  1.3160000e+001
 -5.1070000e+001  9.1090000e+000  1.3160000e+001
 -5.1070000e+001  8.7300000e+000  1.3160000e+001
 -5.1070000e+001  8.3500000e+000  1.3160000e+001
 -5.1070000e+001  7.9710000e+000  1.3160000e+001
 -5.1070000e+001  7.5910000e+000  1.3160000e+001
 -5.1070000e+001  7.2120000e+000  1.3160000e+001
 -5.1070000e+001  6.8320000e+000  1.3160000e+001
 -5.1070000e+001  6.4520000e+000  1.3160000e+001
 -5.1070000e+001  6.0730000e+000  1.3160000e+001
 -5.1070000e+001  5.6930000e+000  1.3160000e+001
 -5.1070000e+001  5.3140000e+000  1.3160000e+001
 -5.1070000e+001  4.9340000e+000  1.3160000e+001
 -5.1070000e+001  4.5550000e+000  1.3160000e+001
 -5.1070000e+001  4.1750000e+000  1.3160000e+001
 -5.1070000e+001  3.7960000e+000  1.3160000e+001
 -5.1070000e+001  3.4160000e+000  1.3160000e+001
 -5.1070000e+001  3.0360000e+000  1.3160000e+001
 -5.1070000e+001  2.6570000e+000  1.3160000e+001
 -5.1070000e+001  2.2770000e+000  1.3160000e+001
 -5.1070000e+001  1.8980000e+000  1.3160000e+001
 -5.1070000e+001  1.5180000e+000  1.3160000e+001
 -5.1070000e+001  1.1390000e+000  1.3160000e+001
 -5.1070000e+001  7.5900000e-001  1.3160000e+001
 -5.1070000e+001  3.5300000e-001  1.3160000e+001
 -5.1070000e+001  0.0000000e+000  1.3160000e+001
 -4.9340000e+001  1.2095000e+001  1.3160000e+001
 -4.9340000e+001  1.1717000e+001  1.3160000e+001
 -4.9340000e+001  1.1339000e+001  1.3160000e+001
 -4.9340000e+001  1.0961000e+001  1.3160000e+001
 -4.9340000e+001  1.0583000e+001  1.3160000e+001
 -4.9340000e+001  1.0205000e+001  1.3160000e+001
 -4.9340000e+001  9.8270000e+000  1.3160000e+001
 -4.9340000e+001  9.4490000e+000  1.3160000e+001
 -4.9340000e+001  9.0710000e+000  1.3160000e+001
 -4.9340000e+001  8.6930000e+000  1.3160000e+001
 -4.9340000e+001  8.3150000e+000  1.3160000e+001
 -4.9340000e+001  7.9370000e+000  1.3160000e+001
 -4.9340000e+001  7.5590000e+000  1.3160000e+001
 -4.9340000e+001  7.1810000e+000  1.3160000e+001
 -4.9340000e+001  6.8030000e+000  1.3160000e+001
 -4.9340000e+001  6.4250000e+000  1.3160000e+001
 -4.9340000e+001  6.0480000e+000  1.3160000e+001
 -4.9340000e+001  5.6700000e+000  1.3160000e+001
 -4.9340000e+001  5.2920000e+000  1.3160000e+001
 -4.9340000e+001  4.9140000e+000  1.3160000e+001
 -4.9340000e+001  4.5360000e+000  1.3160000e+001
 -4.9340000e+001  4.1580000e+000  1.3160000e+001
 -4.9340000e+001  3.7800000e+000  1.3160000e+001
 -4.9340000e+001  3.4020000e+000  1.3160000e+001
 -4.9340000e+001  3.0240000e+000  1.3160000e+001
 -4.9340000e+001  2.6460000e+000  1.3160000e+001
 -4.9340000e+001  2.2680000e+000  1.3160000e+001
 -4.9340000e+001  1.8900000e+000  1.3160000e+001
 -4.9340000e+001  1.5120000e+000  1.3160000e+001
 -4.9340000e+001  1.1340000e+000  1.3160000e+001
 -4.9340000e+001  7.5600000e-001  1.3160000e+001
 -4.9340000e+001  3.7800000e-001  1.3160000e+001
 -4.9340000e+001  0.0000000e+000  1.3160000e+001
 -4.7609000e+001  1.2032000e+001  1.3160000e+001
 -4.7609000e+001  1.1656000e+001  1.3160000e+001
 -4.7609000e+001  1.1280000e+001  1.3160000e+001
 -4.7609000e+001  1.0904000e+001  1.3160000e+001
 -4.7609000e+001  1.0528000e+001  1.3160000e+001
 -4.7609000e+001  1.0152000e+001  1.3160000e+001
 -4.7609000e+001  9.7760000e+000  1.3160000e+001
 -4.7609000e+001  9.4000000e+000  1.3160000e+001
 -4.7609000e+001  9.0240000e+000  1.3160000e+001
 -4.7609000e+001  8.6480000e+000  1.3160000e+001
 -4.7609000e+001  8.2720000e+000  1.3160000e+001
 -4.7609000e+001  7.8960000e+000  1.3160000e+001
 -4.7609000e+001  7.5200000e+000  1.3160000e+001
 -4.7609000e+001  7.1440000e+000  1.3160000e+001
 -4.7609000e+001  6.7680000e+000  1.3160000e+001
 -4.7609000e+001  6.3920000e+000  1.3160000e+001
 -4.7609000e+001  6.0160000e+000  1.3160000e+001
 -4.7609000e+001  5.6400000e+000  1.3160000e+001
 -4.7609000e+001  5.2640000e+000  1.3160000e+001
 -4.7609000e+001  4.8880000e+000  1.3160000e+001
 -4.7609000e+001  4.5120000e+000  1.3160000e+001
 -4.7609000e+001  4.1360000e+000  1.3160000e+001
 -4.7609000e+001  3.7600000e+000  1.3160000e+001
 -4.7609000e+001  3.3840000e+000  1.3160000e+001
 -4.7609000e+001  3.0080000e+000  1.3160000e+001
 -4.7609000e+001  2.6320000e+000  1.3160000e+001
 -4.7609000e+001  2.2560000e+000  1.3160000e+001
 -4.7609000e+001  1.8800000e+000  1.3160000e+001
 -4.7609000e+001  1.5040000e+000  1.3160000e+001
 -4.7609000e+001  1.1280000e+000  1.3160000e+001
 -4.7609000e+001  7.5200000e-001  1.3160000e+001
 -4.7609000e+001  3.7600000e-001  1.3160000e+001
 -4.7609000e+001  0.0000000e+000  1.3160000e+001
 -4.5878000e+001  1.1956000e+001  1.3160000e+001
 -4.5878000e+001  1.1582000e+001  1.3160000e+001
 -4.5878000e+001  1.1209000e+001  1.3160000e+001
 -4.5878000e+001  1.0835000e+001  1.3160000e+001
 -4.5878000e+001  1.0461000e+001  1.3160000e+001
 -4.5878000e+001  1.0088000e+001  1.3160000e+001
 -4.5878000e+001  9.7140000e+000  1.3160000e+001
 -4.5878000e+001  9.3400000e+000  1.3160000e+001
 -4.5878000e+001  8.9670000e+000  1.3160000e+001
 -4.5878000e+001  8.5930000e+000  1.3160000e+001
 -4.5878000e+001  8.2200000e+000  1.3160000e+001
 -4.5878000e+001  7.8460000e+000  1.3160000e+001
 -4.5878000e+001  7.4720000e+000  1.3160000e+001
 -4.5878000e+001  7.0990000e+000  1.3160000e+001
 -4.5878000e+001  6.7250000e+000  1.3160000e+001
 -4.5878000e+001  6.3520000e+000  1.3160000e+001
 -4.5878000e+001  5.9780000e+000  1.3160000e+001
 -4.5878000e+001  5.6040000e+000  1.3160000e+001
 -4.5878000e+001  5.2310000e+000  1.3160000e+001
 -4.5878000e+001  4.8570000e+000  1.3160000e+001
 -4.5878000e+001  4.4830000e+000  1.3160000e+001
 -4.5878000e+001  4.1100000e+000  1.3160000e+001
 -4.5878000e+001  3.7360000e+000  1.3160000e+001
 -4.5878000e+001  3.3630000e+000  1.3160000e+001
 -4.5878000e+001  2.9890000e+000  1.3160000e+001
 -4.5878000e+001  2.6150000e+000  1.3160000e+001
 -4.5878000e+001  2.2420000e+000  1.3160000e+001
 -4.5878000e+001  1.8680000e+000  1.3160000e+001
 -4.5878000e+001  1.4940000e+000  1.3160000e+001
 -4.5878000e+001  1.1210000e+000  1.3160000e+001
 -4.5878000e+001  7.4700000e-001  1.3160000e+001
 -4.5878000e+001  3.7400000e-001  1.3160000e+001
 -4.5878000e+001  0.0000000e+000  1.3160000e+001
 -4.4147000e+001  1.1863000e+001  1.3160000e+001
 -4.4147000e+001  1.1493000e+001  1.3160000e+001
 -4.4147000e+001  1.1122000e+001  1.3160000e+001
 -4.4147000e+001  1.0751000e+001  1.3160000e+001
 -4.4147000e+001  1.0380000e+001  1.3160000e+001
 -4.4147000e+001  1.0010000e+001  1.3160000e+001
 -4.4147000e+001  9.6390000e+000  1.3160000e+001
 -4.4147000e+001  9.2680000e+000  1.3160000e+001
 -4.4147000e+001  8.8970000e+000  1.3160000e+001
 -4.4147000e+001  8.5270000e+000  1.3160000e+001
 -4.4147000e+001  8.1560000e+000  1.3160000e+001
 -4.4147000e+001  7.7850000e+000  1.3160000e+001
 -4.4147000e+001  7.4150000e+000  1.3160000e+001
 -4.4147000e+001  7.0440000e+000  1.3160000e+001
 -4.4147000e+001  6.6730000e+000  1.3160000e+001
 -4.4147000e+001  6.3020000e+000  1.3160000e+001
 -4.4147000e+001  5.9320000e+000  1.3160000e+001
 -4.4147000e+001  5.5610000e+000  1.3160000e+001
 -4.4147000e+001  5.1900000e+000  1.3160000e+001
 -4.4147000e+001  4.8190000e+000  1.3160000e+001
 -4.4147000e+001  4.4490000e+000  1.3160000e+001
 -4.4147000e+001  4.0780000e+000  1.3160000e+001
 -4.4147000e+001  3.7070000e+000  1.3160000e+001
 -4.4147000e+001  3.3370000e+000  1.3160000e+001
 -4.4147000e+001  2.9660000e+000  1.3160000e+001
 -4.4147000e+001  2.5950000e+000  1.3160000e+001
 -4.4147000e+001  2.2240000e+000  1.3160000e+001
 -4.4147000e+001  1.8540000e+000  1.3160000e+001
 -4.4147000e+001  1.4830000e+000  1.3160000e+001
 -4.4147000e+001  1.1120000e+000  1.3160000e+001
 -4.4147000e+001  7.4100000e-001  1.3160000e+001
 -4.4147000e+001  3.7100000e-001  1.3160000e+001
 -4.4147000e+001  0.0000000e+000  1.3160000e+001
 -4.2417000e+001  1.1752000e+001  1.3160000e+001
 -4.2417000e+001  1.1385000e+001  1.3160000e+001
 -4.2417000e+001  1.1018000e+001  1.3160000e+001
 -4.2417000e+001  1.0651000e+001  1.3160000e+001
 -4.2417000e+001  1.0283000e+001  1.3160000e+001
 -4.2417000e+001  9.9160000e+000  1.3160000e+001
 -4.2417000e+001  9.5490000e+000  1.3160000e+001
 -4.2417000e+001  9.1820000e+000  1.3160000e+001
 -4.2417000e+001  8.8140000e+000  1.3160000e+001
 -4.2417000e+001  8.4470000e+000  1.3160000e+001
 -4.2417000e+001  8.0800000e+000  1.3160000e+001
 -4.2417000e+001  7.7130000e+000  1.3160000e+001
 -4.2417000e+001  7.3450000e+000  1.3160000e+001
 -4.2417000e+001  6.9780000e+000  1.3160000e+001
 -4.2417000e+001  6.6110000e+000  1.3160000e+001
 -4.2417000e+001  6.2430000e+000  1.3160000e+001
 -4.2417000e+001  5.8760000e+000  1.3160000e+001
 -4.2417000e+001  5.5090000e+000  1.3160000e+001
 -4.2417000e+001  5.1420000e+000  1.3160000e+001
 -4.2417000e+001  4.7740000e+000  1.3160000e+001
 -4.2417000e+001  4.4070000e+000  1.3160000e+001
 -4.2417000e+001  4.0400000e+000  1.3160000e+001
 -4.2417000e+001  3.6730000e+000  1.3160000e+001
 -4.2417000e+001  3.3050000e+000  1.3160000e+001
 -4.2417000e+001  2.9380000e+000  1.3160000e+001
 -4.2417000e+001  2.5710000e+000  1.3160000e+001
 -4.2417000e+001  2.2040000e+000  1.3160000e+001
 -4.2417000e+001  1.8360000e+000  1.3160000e+001
 -4.2417000e+001  1.4690000e+000  1.3160000e+001
 -4.2417000e+001  1.1020000e+000  1.3160000e+001
 -4.2417000e+001  7.3500000e-001  1.3160000e+001
 -4.2417000e+001  3.6700000e-001  1.3160000e+001
 -4.2417000e+001  0.0000000e+000  1.3160000e+001
 -4.0686000e+001  1.1621000e+001  1.3160000e+001
 -4.0686000e+001  1.1258000e+001  1.3160000e+001
 -4.0686000e+001  1.0895000e+001  1.3160000e+001
 -4.0686000e+001  1.0531000e+001  1.3160000e+001
 -4.0686000e+001  1.0168000e+001  1.3160000e+001
 -4.0686000e+001  9.8050000e+000  1.3160000e+001
 -4.0686000e+001  9.4420000e+000  1.3160000e+001
 -4.0686000e+001  9.0790000e+000  1.3160000e+001
 -4.0686000e+001  8.7160000e+000  1.3160000e+001
 -4.0686000e+001  8.3520000e+000  1.3160000e+001
 -4.0686000e+001  7.9890000e+000  1.3160000e+001
 -4.0686000e+001  7.6260000e+000  1.3160000e+001
 -4.0686000e+001  7.2630000e+000  1.3160000e+001
 -4.0686000e+001  6.9000000e+000  1.3160000e+001
 -4.0686000e+001  6.5370000e+000  1.3160000e+001
 -4.0686000e+001  6.1740000e+000  1.3160000e+001
 -4.0686000e+001  5.8100000e+000  1.3160000e+001
 -4.0686000e+001  5.4470000e+000  1.3160000e+001
 -4.0686000e+001  5.0840000e+000  1.3160000e+001
 -4.0686000e+001  4.7210000e+000  1.3160000e+001
 -4.0686000e+001  4.3580000e+000  1.3160000e+001
 -4.0686000e+001  3.9950000e+000  1.3160000e+001
 -4.0686000e+001  3.6320000e+000  1.3160000e+001
 -4.0686000e+001  3.2680000e+000  1.3160000e+001
 -4.0686000e+001  2.9050000e+000  1.3160000e+001
 -4.0686000e+001  2.5420000e+000  1.3160000e+001
 -4.0686000e+001  2.1790000e+000  1.3160000e+001
 -4.0686000e+001  1.8160000e+000  1.3160000e+001
 -4.0686000e+001  1.4530000e+000  1.3160000e+001
 -4.0686000e+001  1.0890000e+000  1.3160000e+001
 -4.0686000e+001  7.2600000e-001  1.3160000e+001
 -4.0686000e+001  3.6300000e-001  1.3160000e+001
 -4.0686000e+001  0.0000000e+000  1.3160000e+001
 -3.8955000e+001  1.1466000e+001  1.3160000e+001
 -3.8955000e+001  1.1108000e+001  1.3160000e+001
 -3.8955000e+001  1.0749000e+001  1.3160000e+001
 -3.8955000e+001  1.0391000e+001  1.3160000e+001
 -3.8955000e+001  1.0033000e+001  1.3160000e+001
 -3.8955000e+001  9.6740000e+000  1.3160000e+001
 -3.8955000e+001  9.3160000e+000  1.3160000e+001
 -3.8955000e+001  8.9580000e+000  1.3160000e+001
 -3.8955000e+001  8.5990000e+000  1.3160000e+001
 -3.8955000e+001  8.2410000e+000  1.3160000e+001
 -3.8955000e+001  7.8830000e+000  1.3160000e+001
 -3.8955000e+001  7.5240000e+000  1.3160000e+001
 -3.8955000e+001  7.1660000e+000  1.3160000e+001
 -3.8955000e+001  6.8080000e+000  1.3160000e+001
 -3.8955000e+001  6.4500000e+000  1.3160000e+001
 -3.8955000e+001  6.0910000e+000  1.3160000e+001
 -3.8955000e+001  5.7330000e+000  1.3160000e+001
 -3.8955000e+001  5.3750000e+000  1.3160000e+001
 -3.8955000e+001  5.0160000e+000  1.3160000e+001
 -3.8955000e+001  4.6580000e+000  1.3160000e+001
 -3.8955000e+001  4.3000000e+000  1.3160000e+001
 -3.8955000e+001  3.9410000e+000  1.3160000e+001
 -3.8955000e+001  3.5830000e+000  1.3160000e+001
 -3.8955000e+001  3.2250000e+000  1.3160000e+001
 -3.8955000e+001  2.8660000e+000  1.3160000e+001
 -3.8955000e+001  2.5080000e+000  1.3160000e+001
 -3.8955000e+001  2.1500000e+000  1.3160000e+001
 -3.8955000e+001  1.7920000e+000  1.3160000e+001
 -3.8955000e+001  1.4330000e+000  1.3160000e+001
 -3.8955000e+001  1.0750000e+000  1.3160000e+001
 -3.8955000e+001  7.1700000e-001  1.3160000e+001
 -3.8955000e+001  3.5800000e-001  1.3160000e+001
 -3.8955000e+001  0.0000000e+000  1.3160000e+001
 -3.7224000e+001  1.1283000e+001  1.3160000e+001
 -3.7224000e+001  1.0931000e+001  1.3160000e+001
 -3.7224000e+001  1.0578000e+001  1.3160000e+001
 -3.7224000e+001  1.0225000e+001  1.3160000e+001
 -3.7224000e+001  9.8730000e+000  1.3160000e+001
 -3.7224000e+001  9.5200000e+000  1.3160000e+001
 -3.7224000e+001  9.1680000e+000  1.3160000e+001
 -3.7224000e+001  8.8150000e+000  1.3160000e+001
 -3.7224000e+001  8.4620000e+000  1.3160000e+001
 -3.7224000e+001  8.1100000e+000  1.3160000e+001
 -3.7224000e+001  7.7570000e+000  1.3160000e+001
 -3.7224000e+001  7.4050000e+000  1.3160000e+001
 -3.7224000e+001  7.0520000e+000  1.3160000e+001
 -3.7224000e+001  6.2490000e+000  1.3160000e+001
 -3.7224000e+001  5.6260000e+000  1.3160000e+001
 -3.7224000e+001  4.9100000e+000  1.3160000e+001
 -3.7224000e+001  4.4260000e+000  1.3160000e+001
 -3.7224000e+001  3.9150000e+000  1.3160000e+001
 -3.7224000e+001  3.4590000e+000  1.3160000e+001
 -3.7224000e+001  2.9570000e+000  1.3160000e+001
 -3.7224000e+001  2.5390000e+000  1.3160000e+001
 -3.7224000e+001  1.9250000e+000  1.3160000e+001
 -3.7224000e+001  1.4230000e+000  1.3160000e+001
 -3.7224000e+001  1.0320000e+000  1.3160000e+001
 -3.7224000e+001  6.2300000e-001  1.3160000e+001
 -3.7224000e+001  0.0000000e+000  1.3160000e+001
 -3.5494000e+001  1.1069000e+001  1.3160000e+001
 -3.5494000e+001  1.0723000e+001  1.3160000e+001
 -3.5494000e+001  1.0377000e+001  1.3160000e+001
 -3.5494000e+001  1.0031000e+001  1.3160000e+001
 -3.5494000e+001  9.6850000e+000  1.3160000e+001
 -3.5494000e+001  9.3390000e+000  1.3160000e+001
 -3.5494000e+001  8.9930000e+000  1.3160000e+001
 -3.5494000e+001  8.6470000e+000  1.3160000e+001
 -3.5494000e+001  8.3020000e+000  1.3160000e+001
 -3.5494000e+001  7.9560000e+000  1.3160000e+001
 -3.5494000e+001  7.6100000e+000  1.3160000e+001
 -3.5494000e+001  7.2640000e+000  1.3160000e+001
 -3.5494000e+001  6.8900000e+000  1.3160000e+001
 -3.5494000e+001  6.4810000e+000  1.3160000e+001
 -3.5494000e+001  6.0720000e+000  1.3160000e+001
 -3.5494000e+001  5.5980000e+000  1.3160000e+001
 -3.5494000e+001  5.2720000e+000  1.3160000e+001
 -3.5494000e+001  4.8730000e+000  1.3160000e+001
 -3.5494000e+001  4.4910000e+000  1.3160000e+001
 -3.5494000e+001  4.2220000e+000  1.3160000e+001
 -3.5494000e+001  3.9610000e+000  1.3160000e+001
 -3.5494000e+001  3.5430000e+000  1.3160000e+001
 -3.5494000e+001  3.3010000e+000  1.3160000e+001
 -3.5494000e+001  3.0500000e+000  1.3160000e+001
 -3.5494000e+001  2.7990000e+000  1.3160000e+001
 -3.5494000e+001  2.4830000e+000  1.3160000e+001
 -3.5494000e+001  2.0640000e+000  1.3160000e+001
 -3.5494000e+001  1.6270000e+000  1.3160000e+001
 -3.5494000e+001  1.1720000e+000  1.3160000e+001
 -3.5494000e+001  8.9300000e-001  1.3160000e+001
 -3.5494000e+001  4.6500000e-001  1.3160000e+001
 -3.5494000e+001  0.0000000e+000  1.3160000e+001
 -3.3763000e+001  1.0815000e+001  1.3160000e+001
 -3.3763000e+001  7.7960000e+000  1.3160000e+001
 -3.3763000e+001  6.5290000e+000  1.3160000e+001
 -3.3763000e+001  4.8910000e+000  1.3160000e+001
 -3.3763000e+001  3.4500000e+000  1.3160000e+001
 -3.3763000e+001  1.6160000e+000  1.3160000e+001
 -3.3763000e+001  0.0000000e+000  1.3160000e+001
 -3.2032000e+001  1.0511000e+001  1.3160000e+001
 -3.2032000e+001  9.8700000e+000  1.3160000e+001
 -3.2032000e+001  9.1280000e+000  1.3160000e+001
 -3.2032000e+001  8.4510000e+000  1.3160000e+001
 -3.2032000e+001  7.4900000e+000  1.3160000e+001
 -3.2032000e+001  5.9610000e+000  1.3160000e+001
 -3.2032000e+001  5.0010000e+000  1.3160000e+001
 -3.2032000e+001  4.0830000e+000  1.3160000e+001
 -3.2032000e+001  3.1440000e+000  1.3160000e+001
 -3.2032000e+001  1.6600000e+000  1.3160000e+001
 -3.2032000e+001  7.6400000e-001  1.3160000e+001
 -3.2032000e+001  4.0000000e-001  1.3160000e+001
 -3.2032000e+001  0.0000000e+000  1.3160000e+001
 -3.0301000e+001  1.0137000e+001  1.3160000e+001
 -3.0301000e+001  9.8210000e+000  1.3160000e+001
 -3.0301000e+001  9.5040000e+000  1.3160000e+001
 -3.0301000e+001  9.1870000e+000  1.3160000e+001
 -3.0301000e+001  8.8700000e+000  1.3160000e+001
 -3.0301000e+001  8.5530000e+000  1.3160000e+001
 -3.0301000e+001  8.2370000e+000  1.3160000e+001
 -3.0301000e+001  7.9200000e+000  1.3160000e+001
 -3.0301000e+001  7.6030000e+000  1.3160000e+001
 -3.0301000e+001  7.2860000e+000  1.3160000e+001
 -3.0301000e+001  6.9690000e+000  1.3160000e+001
 -3.0301000e+001  6.4640000e+000  1.3160000e+001
 -3.0301000e+001  5.8330000e+000  1.3160000e+001
 -3.0301000e+001  4.9920000e+000  1.3160000e+001
 -3.0301000e+001  4.5370000e+000  1.3160000e+001
 -3.0301000e+001  3.6090000e+000  1.3160000e+001
 -3.0301000e+001  3.0480000e+000  1.3160000e+001
 -3.0301000e+001  2.6590000e+000  1.3160000e+001
 -3.0301000e+001  2.0700000e+000  1.3160000e+001
 -3.0301000e+001  1.5610000e+000  1.3160000e+001
 -3.0301000e+001  9.2400000e-001  1.3160000e+001
 -3.0301000e+001  0.0000000e+000  1.3160000e+001
 -2.8570000e+001  9.6640000e+000  1.3160000e+001
 -2.8570000e+001  9.3620000e+000  1.3160000e+001
 -2.8570000e+001  9.0600000e+000  1.3160000e+001
 -2.8570000e+001  8.7580000e+000  1.3160000e+001
 -2.8570000e+001  8.4560000e+000  1.3160000e+001
 -2.8570000e+001  8.1540000e+000  1.3160000e+001
 -2.8570000e+001  7.8520000e+000  1.3160000e+001
 -2.8570000e+001  7.5500000e+000  1.3160000e+001
 -2.8570000e+001  7.2480000e+000  1.3160000e+001
 -2.8570000e+001  6.9460000e+000  1.3160000e+001
 -2.8570000e+001  6.6270000e+000  1.3160000e+001
 -2.8570000e+001  6.1310000e+000  1.3160000e+001
 -2.8570000e+001  5.7480000e+000  1.3160000e+001
 -2.8570000e+001  5.2550000e+000  1.3160000e+001
 -2.8570000e+001  4.6550000e+000  1.3160000e+001
 -2.8570000e+001  3.8820000e+000  1.3160000e+001
 -2.8570000e+001  2.9980000e+000  1.3160000e+001
 -2.8570000e+001  2.1620000e+000  1.3160000e+001
 -2.8570000e+001  1.1840000e+000  1.3160000e+001
 -2.8570000e+001  5.5200000e-001  1.3160000e+001
 -2.8570000e+001  0.0000000e+000  1.3160000e+001
 -2.6840000e+001  9.0440000e+000  1.3160000e+001
 -2.6840000e+001  8.7610000e+000  1.3160000e+001
 -2.6840000e+001  8.4790000e+000  1.3160000e+001
 -2.6840000e+001  8.1960000e+000  1.3160000e+001
 -2.6840000e+001  7.9130000e+000  1.3160000e+001
 -2.6840000e+001  7.6310000e+000  1.3160000e+001
 -2.6840000e+001  7.3480000e+000  1.3160000e+001
 -2.6840000e+001  7.0650000e+000  1.3160000e+001
 -2.6840000e+001  6.7830000e+000  1.3160000e+001
 -2.6840000e+001  6.5000000e+000  1.3160000e+001
 -2.6840000e+001  5.8670000e+000  1.3160000e+001
 -2.6840000e+001  5.1160000e+000  1.3160000e+001
 -2.6840000e+001  4.2260000e+000  1.3160000e+001
 -2.6840000e+001  3.3000000e+000  1.3160000e+001
 -2.6840000e+001  2.6190000e+000  1.3160000e+001
 -2.6840000e+001  1.7110000e+000  1.3160000e+001
 -2.6840000e+001  7.6800000e-001  1.3160000e+001
 -2.6840000e+001  0.0000000e+000  1.3160000e+001
 -2.5109000e+001  8.1940000e+000  1.3160000e+001
 -2.5109000e+001  7.9380000e+000  1.3160000e+001
 -2.5109000e+001  7.6820000e+000  1.3160000e+001
 -2.5109000e+001  7.4260000e+000  1.3160000e+001
 -2.5109000e+001  7.1700000e+000  1.3160000e+001
 -2.5109000e+001  6.9140000e+000  1.3160000e+001
 -2.5109000e+001  6.6580000e+000  1.3160000e+001
 -2.5109000e+001  6.4020000e+000  1.3160000e+001
 -2.5109000e+001  6.1460000e+000  1.3160000e+001
 -2.5109000e+001  5.8080000e+000  1.3160000e+001
 -2.5109000e+001  5.3030000e+000  1.3160000e+001
 -2.5109000e+001  4.7820000e+000  1.3160000e+001
 -2.5109000e+001  4.2450000e+000  1.3160000e+001
 -2.5109000e+001  3.7560000e+000  1.3160000e+001
 -2.5109000e+001  3.2510000e+000  1.3160000e+001
 -2.5109000e+001  2.7300000e+000  1.3160000e+001
 -2.5109000e+001  2.0670000e+000  1.3160000e+001
 -2.5109000e+001  1.6410000e+000  1.3160000e+001
 -2.5109000e+001  1.0890000e+000  1.3160000e+001
 -2.5109000e+001  6.0000000e-001  1.3160000e+001
 -2.5109000e+001  0.0000000e+000  1.3160000e+001
 -2.3378000e+001  6.9600000e+000  1.3160000e+001
 -2.3378000e+001  6.7430000e+000  1.3160000e+001
 -2.3378000e+001  6.5250000e+000  1.3160000e+001
 -2.3378000e+001  6.3080000e+000  1.3160000e+001
 -2.3378000e+001  6.0900000e+000  1.3160000e+001
 -2.3378000e+001  5.8730000e+000  1.3160000e+001
 -2.3378000e+001  5.6550000e+000  1.3160000e+001
 -2.3378000e+001  5.4380000e+000  1.3160000e+001
 -2.3378000e+001  5.2200000e+000  1.3160000e+001
 -2.3378000e+001  5.0030000e+000  1.3160000e+001
 -2.3378000e+001  4.7850000e+000  1.3160000e+001
 -2.3378000e+001  4.5680000e+000  1.3160000e+001
 -2.3378000e+001  4.3500000e+000  1.3160000e+001
 -2.3378000e+001  4.1330000e+000  1.3160000e+001
 -2.3378000e+001  3.9150000e+000  1.3160000e+001
 -2.3378000e+001  3.6980000e+000  1.3160000e+001
 -2.3378000e+001  3.4800000e+000  1.3160000e+001
 -2.3378000e+001  3.2630000e+000  1.3160000e+001
 -2.3378000e+001  3.0450000e+000  1.3160000e+001
 -2.3378000e+001  2.8280000e+000  1.3160000e+001
 -2.3378000e+001  2.6100000e+000  1.3160000e+001
 -2.3378000e+001  2.3930000e+000  1.3160000e+001
 -2.3378000e+001  2.1750000e+000  1.3160000e+001
 -2.3378000e+001  1.9580000e+000  1.3160000e+001
 -2.3378000e+001  1.7400000e+000  1.3160000e+001
 -2.3378000e+001  1.5230000e+000  1.3160000e+001
 -2.3378000e+001  1.3050000e+000  1.3160000e+001
 -2.3378000e+001  1.0880000e+000  1.3160000e+001
 -2.3378000e+001  8.7000000e-001  1.3160000e+001
 -2.3378000e+001  6.5300000e-001  1.3160000e+001
 -2.3378000e+001  4.3500000e-001  1.3160000e+001
 -2.3378000e+001  2.1800000e-001  1.3160000e+001
 -2.3378000e+001  0.0000000e+000  1.3160000e+001
 -2.1647000e+001  4.6750000e+000  1.3160000e+001
 -2.1647000e+001  4.5290000e+000  1.3160000e+001
 -2.1647000e+001  4.3830000e+000  1.3160000e+001
 -2.1647000e+001  4.2360000e+000  1.3160000e+001
 -2.1647000e+001  4.0900000e+000  1.3160000e+001
 -2.1647000e+001  3.9440000e+000  1.3160000e+001
 -2.1647000e+001  3.7980000e+000  1.3160000e+001
 -2.1647000e+001  3.6520000e+000  1.3160000e+001
 -2.1647000e+001  3.5060000e+000  1.3160000e+001
 -2.1647000e+001  3.3600000e+000  1.3160000e+001
 -2.1647000e+001  3.2140000e+000  1.3160000e+001
 -2.1647000e+001  3.0680000e+000  1.3160000e+001
 -2.1647000e+001  2.9220000e+000  1.3160000e+001
 -2.1647000e+001  2.7760000e+000  1.3160000e+001
 -2.1647000e+001  2.6300000e+000  1.3160000e+001
 -2.1647000e+001  2.4830000e+000  1.3160000e+001
 -2.1647000e+001  2.3370000e+000  1.3160000e+001
 -2.1647000e+001  2.1910000e+000  1.3160000e+001
 -2.1647000e+001  2.0450000e+000  1.3160000e+001
 -2.1647000e+001  1.8990000e+000  1.3160000e+001
 -2.1647000e+001  1.7530000e+000  1.3160000e+001
 -2.1647000e+001  1.6070000e+000  1.3160000e+001
 -2.1647000e+001  1.4610000e+000  1.3160000e+001
 -2.1647000e+001  1.3150000e+000  1.3160000e+001
 -2.1647000e+001  1.1690000e+000  1.3160000e+001
 -2.1647000e+001  1.0230000e+000  1.3160000e+001
 -2.1647000e+001  8.7700000e-001  1.3160000e+001
 -2.1647000e+001  7.3000000e-001  1.3160000e+001
 -2.1647000e+001  5.8400000e-001  1.3160000e+001
 -2.1647000e+001  4.3800000e-001  1.3160000e+001
 -2.1647000e+001  2.9200000e-001  1.3160000e+001
 -2.1647000e+001  1.4600000e-001  1.3160000e+001
 -2.1647000e+001  0.0000000e+000  1.3160000e+001
